5.300000000000000000e+01
1.110000000000000000e+02
9.900000000000000000e+01
1.072000000000000000e+03
1.089000000000000000e+03
1.082000000000000000e+03
1.086000000000000000e+03
1.088000000000000000e+03
1.081000000000000000e+03
1.073000000000000000e+03
7.300000000000000000e+01
1.072000000000000000e+03
1.091000000000000000e+03
1.088000000000000000e+03
1.093000000000000000e+03
1.077000000000000000e+03
1.088000000000000000e+03
1.073000000000000000e+03
1.072000000000000000e+03
1.086000000000000000e+03
1.076000000000000000e+03
1.088000000000000000e+03
1.088000000000000000e+03
1.086000000000000000e+03
1.072000000000000000e+03
1.088000000000000000e+03
1.072000000000000000e+03
1.085000000000000000e+03
1.091000000000000000e+03
1.073000000000000000e+03
1.095000000000000000e+03
1.079000000000000000e+03
1.072000000000000000e+03
1.088000000000000000e+03
1.086000000000000000e+03
1.088000000000000000e+03
1.086000000000000000e+03
1.090000000000000000e+03
1.088000000000000000e+03
1.090000000000000000e+03
1.072000000000000000e+03
1.088000000000000000e+03
1.082000000000000000e+03
1.040000000000000000e+03
1.073000000000000000e+03
1.073000000000000000e+03
1.088000000000000000e+03
1.086000000000000000e+03
1.077000000000000000e+03
1.088000000000000000e+03
1.086000000000000000e+03
1.075000000000000000e+03
1.091000000000000000e+03
1.041000000000000000e+03
1.054000000000000000e+03
1.073000000000000000e+03
1.040000000000000000e+03
1.054000000000000000e+03
1.076000000000000000e+03
1.086000000000000000e+03
1.088000000000000000e+03
1.072000000000000000e+03
1.089000000000000000e+03
1.091000000000000000e+03
1.079000000000000000e+03
1.086000000000000000e+03
1.080000000000000000e+03
1.088000000000000000e+03
1.072000000000000000e+03
1.083000000000000000e+03
1.093000000000000000e+03
1.082000000000000000e+03
1.093000000000000000e+03
1.092000000000000000e+03
1.073000000000000000e+03
1.089000000000000000e+03
1.086000000000000000e+03
1.091000000000000000e+03
1.088000000000000000e+03
1.088000000000000000e+03
1.088000000000000000e+03
1.080000000000000000e+03
1.085000000000000000e+03
1.080000000000000000e+03
1.072000000000000000e+03
1.088000000000000000e+03
1.072000000000000000e+03
1.086000000000000000e+03
1.096000000000000000e+03
1.072000000000000000e+03
1.090000000000000000e+03
1.088000000000000000e+03
1.077000000000000000e+03
